2.072374e+01 1.129263e+01 1.952149e+00 -4.224615e-01 2.538063e-01 4.204582e+00 1.526614e+00 
2.088845e+01 1.071916e+01 2.025585e+00 -5.346677e-02 4.022465e-01 4.126501e+00 1.542611e+00 
2.109176e+01 1.055026e+01 2.066150e+00 -1.305008e-02 4.328421e-01 4.155938e+00 1.361804e+00 
2.114257e+01 1.048056e+01 1.458339e+00 1.237924e-01 6.171533e-01 4.274946e+00 1.510471e+00 
2.115551e+01 1.049437e+01 9.232644e-01 2.540102e-01 7.876113e-01 4.321347e+00 1.424641e+00 
2.096905e+01 1.032298e+01 -5.326315e-02 2.361169e-01 6.732408e-01 4.149263e+00 1.405988e+00 
2.117720e+01 1.036641e+01 7.427894e-01 3.323011e-01 7.410079e-01 4.079053e+00 1.436424e+00 
2.130229e+01 1.035952e+01 8.662195e-01 3.962699e-01 7.550696e-01 4.089821e+00 1.354801e+00 
2.133249e+01 1.036462e+01 6.288700e-01 5.077162e-01 8.291578e-01 4.122963e+00 1.359355e+00 
2.153200e+01 1.046430e+01 1.231520e+00 5.786128e-01 8.073313e-01 4.101925e+00 1.360666e+00 
2.145215e+01 1.030884e+01 2.867472e-01 5.580313e-01 6.782681e-01 4.010318e+00 1.455840e+00 
2.157994e+01 1.036264e+01 6.242470e-01 6.016650e-01 6.486432e-01 4.028545e+00 1.432982e+00 
2.200995e+01 1.065889e+01 2.005127e+00 6.697092e-01 6.551140e-01 3.958213e+00 1.413510e+00 
2.227834e+01 1.087305e+01 2.426148e+00 7.140592e-01 6.236435e-01 3.941409e+00 1.400337e+00 
2.239421e+01 1.099931e+01 2.152216e+00 8.233495e-01 7.000049e-01 3.954398e+00 1.344458e+00 
2.246636e+01 1.109212e+01 1.872273e+00 8.747896e-01 6.767374e-01 3.955997e+00 1.328854e+00 
2.249455e+01 1.103388e+01 1.229410e+00 8.919017e-01 6.304796e-01 3.947526e+00 1.390904e+00 
2.268039e+01 1.119705e+01 1.549167e+00 9.227189e-01 5.992542e-01 3.960332e+00 1.376944e+00 
2.276130e+01 1.129981e+01 1.393958e+00 1.049408e+00 6.921660e-01 3.991234e+00 1.429716e+00 
2.288653e+01 1.152857e+01 1.815515e+00 1.126866e+00 6.997022e-01 3.998011e+00 1.421655e+00 
2.301032e+01 1.164064e+01 1.732211e+00 1.133733e+00 6.343033e-01 3.986071e+00 1.460377e+00 
2.310771e+01 1.169856e+01 1.305492e+00 1.183170e+00 6.554799e-01 4.005825e+00 1.359636e+00 
2.324554e+01 1.178240e+01 1.258099e+00 1.125672e+00 5.141047e-01 4.011742e+00 1.285799e+00 
2.345233e+01 1.179733e+01 1.264435e+00 1.204247e+00 5.927032e-01 4.048196e+00 1.547547e+00 
2.370212e+01 1.232721e+01 2.893247e+00 1.306061e+00 6.954792e-01 4.001414e+00 1.444304e+00 
2.381098e+01 1.274834e+01 3.456344e+00 1.371429e+00 6.896989e-01 3.980378e+00 1.443484e+00 
2.394561e+01 1.334676e+01 4.298401e+00 1.464036e+00 7.358438e-01 3.984553e+00 1.405275e+00 
2.416646e+01 1.318624e+01 2.309003e+00 1.305388e+00 5.084257e-01 3.908093e+00 1.329665e+00 
2.426482e+01 1.358579e+01 2.848610e+00 1.389140e+00 5.854184e-01 3.893002e+00 1.288979e+00 
2.467064e+01 1.295775e+01 5.571859e-01 1.036820e+00 8.653070e-02 3.826232e+00 1.491731e+00 
2.497209e+01 1.358072e+01 2.883030e+00 9.756558e-01 7.391377e-03 3.844783e+00 1.448957e+00 
2.529783e+01 1.393288e+01 3.623721e+00 8.778884e-01 -1.229763e-01 3.872403e+00 1.399609e+00 
2.576380e+01 1.445376e+01 4.854368e+00 8.190598e-01 -1.875509e-01 3.901971e+00 1.432467e+00 
2.634705e+01 1.504330e+01 6.072686e+00 7.683495e-01 -2.324761e-01 3.919880e+00 1.458453e+00 
2.679344e+01 1.547924e+01 6.117196e+00 7.479339e-01 -2.287277e-01 3.916384e+00 1.453439e+00 
2.688643e+01 1.554716e+01 4.524089e+00 7.332422e-01 -2.151192e-01 3.900964e+00 1.451892e+00 
2.772402e+01 1.630691e+01 7.054806e+00 7.649208e-01 -8.603842e-02 3.819913e+00 1.544743e+00 
2.807896e+01 1.675261e+01 6.560055e+00 7.966760e-01 -2.466207e-02 3.807005e+00 1.551825e+00 
2.860750e+01 1.727510e+01 6.868224e+00 8.081143e-01 1.436388e-02 3.816763e+00 1.559594e+00 
2.885826e+01 1.770230e+01 6.120247e+00 8.485205e-01 6.960916e-02 3.795343e+00 1.536687e+00 
2.919471e+01 1.813553e+01 5.912827e+00 8.617977e-01 6.791391e-02 3.791164e+00 1.546630e+00 
2.935235e+01 1.833392e+01 4.825635e+00 8.290828e-01 -2.948785e-02 3.777929e+00 1.508794e+00 
2.881891e+01 1.881249e+01 3.081511e+00 1.108648e+00 3.292611e-01 3.717003e+00 1.522122e+00 
2.878591e+01 1.910787e+01 2.805219e+00 1.197989e+00 3.892923e-01 3.714409e+00 1.538406e+00 
2.896164e+01 1.967545e+01 3.802112e+00 1.269431e+00 4.270923e-01 3.705473e+00 1.518504e+00 
2.917016e+01 2.031173e+01 4.843059e+00 1.322932e+00 4.461561e-01 3.699543e+00 1.519518e+00 
2.932203e+01 2.091523e+01 5.393545e+00 1.350734e+00 4.194339e-01 3.683313e+00 1.514646e+00 
2.932397e+01 2.134811e+01 4.986206e+00 1.433438e+00 4.713924e-01 3.675572e+00 1.519665e+00 
2.942032e+01 2.205663e+01 5.688475e+00 1.494303e+00 5.008865e-01 3.669947e+00 1.524642e+00 
2.946518e+01 2.269452e+01 5.937252e+00 1.538491e+00 4.898977e-01 3.670480e+00 1.527990e+00 
2.954546e+01 2.314655e+01 5.450754e+00 1.548106e+00 4.484338e-01 3.653389e+00 1.534453e+00 
2.955110e+01 2.381152e+01 5.845805e+00 1.590828e+00 4.438453e-01 3.650183e+00 1.536611e+00 
2.957106e+01 2.453315e+01 6.295011e+00 1.622539e+00 4.313542e-01 3.654817e+00 1.542509e+00 
2.948863e+01 2.525606e+01 6.630336e+00 1.663137e+00 4.108325e-01 3.645014e+00 1.558082e+00 
2.958480e+01 2.571535e+01 5.935518e+00 1.634118e+00 3.259477e-01 3.630247e+00 1.566084e+00 
2.957557e+01 2.619123e+01 5.495653e+00 1.652240e+00 3.081434e-01 3.623411e+00 1.564849e+00 
2.958390e+01 2.661195e+01 5.053618e+00 1.655578e+00 2.685288e-01 3.619183e+00 1.568577e+00 
2.951281e+01 2.736599e+01 5.897055e+00 1.684349e+00 2.836789e-01 3.593299e+00 1.571053e+00 
2.944136e+01 2.782643e+01 5.447906e+00 1.718124e+00 2.953955e-01 3.582380e+00 1.572507e+00 
2.940435e+01 2.831890e+01 5.239170e+00 1.725430e+00 2.665850e-01 3.580233e+00 1.564175e+00 
2.930553e+01 2.894738e+01 5.624464e+00 1.760813e+00 2.887097e-01 3.573328e+00 1.568170e+00 
2.916454e+01 2.955159e+01 5.831010e+00 1.792918e+00 2.875388e-01 3.572845e+00 1.575405e+00 
2.908033e+01 3.013089e+01 5.832675e+00 1.801783e+00 2.657918e-01 3.573017e+00 1.583456e+00 
2.893968e+01 3.068940e+01 5.811509e+00 1.825706e+00 2.596913e-01 3.572746e+00 1.583249e+00 
2.875403e+01 3.128954e+01 5.973951e+00 1.859653e+00 2.658568e-01 3.576002e+00 1.585263e+00 
2.855529e+01 3.197798e+01 6.383491e+00 1.880734e+00 2.566155e-01 3.579111e+00 1.585870e+00 
2.840633e+01 3.258719e+01 6.346487e+00 1.897123e+00 2.577751e-01 3.580715e+00 1.596082e+00 
2.825821e+01 3.318687e+01 6.293191e+00 1.905190e+00 2.436333e-01 3.581062e+00 1.603111e+00 
2.800586e+01 3.392807e+01 6.774613e+00 1.931950e+00 2.551345e-01 3.578427e+00 1.603026e+00 
2.768933e+01 3.466078e+01 7.147723e+00 1.969927e+00 2.670675e-01 3.587493e+00 1.600976e+00 
2.743760e+01 3.515227e+01 6.579784e+00 1.996079e+00 2.483775e-01 3.599326e+00 1.605733e+00 
2.721150e+01 3.568141e+01 6.263011e+00 2.012152e+00 2.395492e-01 3.592674e+00 1.604840e+00 
2.695924e+01 3.621191e+01 6.113320e+00 2.032105e+00 2.332743e-01 3.591012e+00 1.605775e+00 
2.660317e+01 3.690086e+01 6.676738e+00 2.054550e+00 2.321945e-01 3.581144e+00 1.606404e+00 
2.629308e+01 3.725171e+01 5.907256e+00 2.123941e+00 3.037556e-01 3.566535e+00 1.616276e+00 
2.590467e+01 3.784372e+01 6.327413e+00 2.152417e+00 2.929894e-01 3.563048e+00 1.624924e+00 
2.557123e+01 3.822635e+01 5.886263e+00 2.197119e+00 3.055609e-01 3.562468e+00 1.634267e+00 
2.507752e+01 3.884021e+01 6.578178e+00 2.241460e+00 3.206503e-01 3.555832e+00 1.634313e+00 
2.477632e+01 3.923797e+01 6.024701e+00 2.259453e+00 3.063458e-01 3.545358e+00 1.635240e+00 
2.430830e+01 3.978133e+01 6.396589e+00 2.295002e+00 3.138085e-01 3.542690e+00 1.635417e+00 
2.407630e+01 4.018389e+01 5.868429e+00 2.284283e+00 2.678493e-01 3.534891e+00 1.638031e+00 
2.379191e+01 4.042326e+01 5.198117e+00 2.323934e+00 2.769129e-01 3.535615e+00 1.635296e+00 
2.340516e+01 4.081817e+01 5.316896e+00 2.348127e+00 2.681927e-01 3.532939e+00 1.634564e+00 
2.302707e+01 4.119361e+01 5.321338e+00 2.375459e+00 2.696883e-01 3.532963e+00 1.634630e+00 
2.280502e+01 4.135728e+01 4.454076e+00 2.417166e+00 2.945063e-01 3.527216e+00 1.633401e+00 
2.235066e+01 4.173364e+01 4.918774e+00 2.457614e+00 3.112785e-01 3.524562e+00 1.633350e+00 
2.186284e+01 4.210872e+01 5.372713e+00 2.489447e+00 3.084883e-01 3.521149e+00 1.632460e+00 
